63 233
1 41
12 15
45 61
56 58
36 56
21 24
15 51
33 63
41 58
43 53
18 39
7 46
26 33
3 38
5 39
40 62
38 62
5 32
24 59
3 57
20 55
1 20
36 51
54 60
35 51
14 37
14 50
18 59
50 60
16 55
5 53
4 34
42 60
5 21
3 8
26 50
14 20
8 14
22 39
47 57
4 19
29 31
41 57
1 15
22 55
32 41
26 38
6 50
24 45
11 44
35 43
28 33
23 63
10 60
12 29
17 62
6 14
25 40
1 60
13 38
41 48
11 60
15 30
8 38
43 55
25 49
56 59
18 60
5 41
26 45
41 47
12 22
11 56
25 63
2 17
4 16
28 48
47 49
6 16
33 62
10 11
1 7
36 42
26 57
16 27
3 51
45 55
32 40
57 62
16 20
12 57
15 18
28 32
12 46
22 30
31 63
19 24
6 43
2 24
28 37
27 46
43 48
5 19
14 49
52 58
1 54
41 61
47 62
20 32
17 52
8 13
23 45
40 61
2 3
51 61
39 51
58 59
25 46
8 25
37 51
20 61
20 50
48 51
7 39
24 30
16 57
9 16
18 37
1 30
24 32
38 47
50 58
18 51
48 53
49 61
1 42
27 30
13 29
8 56
5 22
2 9
13 59
42 45
9 28
25 29
40 53
29 36
1 12
22 26
21 33
8 32
37 53
1 56
1 22
34 42
58 60
21 45
33 52
24 58
16 54
19 59
12 30
14 46
49 55
11 57
34 51
22 48
25 26
29 42
19 49
2 46
7 58
11 32
43 59
22 29
28 58
48 56
4 58
10 43
7 17
40 56
14 34
29 61
47 51
33 55
26 58
34 35
9 43
22 40
41 44
27 59
34 49
24 34
21 61
28 39
17 63
14 31
33 46
18 63
27 43
28 36
21 28
42 53
20 63
8 39
38 63
1 35
12 41
10 50
33 58
6 59
4 29
12 56
9 56
7 49
1 4
13 40
1 31
17 23
12 18
12 43
13 60
6 11
18 52
19 62
10 33
2 58
7 16
28 60
22 27
26 29
30 53
25 62
